-236
-260
-69
-246
-298
39
8
-241
-241
-256
-214
-295
-113
-194
118
-41
62
123
168
186
-74
-292
-74
-255
-207
175
-202
3
51
-174
-279
-188
35
116
-232
21
164
-95
-61
-161
-198
-175
98
-271
52
-65
-17
-203
-120
106
-149
-48
139
63
-201
-237
-147
-110
155
50
154
-255
178
36
-71
-187
-67
-50
-275
111
-87
1
-268
-204
-294
-80
-59
-166
179
143
-168
64
184
95
161
-166
-249
-206
-128
64
-171
-287
-153
198
140
199
-152
50
46
-8
14
-94
-7
-47
50
-171
63
-191
23
-173
104
-210
43
-202
-111
-10
124
110
-170
-84
-58
177
65
84
-41
-129
-231
85
-20
-204
-297
96
37
-131
-204
-247
-197
-47
-275
-181
-287
-245
-289
101
-47
-92
99
-11
65
66
-210
153
105
126
-289
32
86
95
130
-197
-138
-94
-83
67
132
-155
-183
-95
-224
-110
-259
-13
-185
166
56
-173
-35
-271
-180
64
-207
-230
158
155
82
-214
178
-93
19
184
70
-110
117
137
154
-10
90
56
-61
-56
-76
119
-164
115
115
101
-52
-62
113
-149
-166
-260
127
94
-248
147
-186
80
-79
-103
-163
-16
38
-172
189
-247
-270
-66
144
-190
-277
123
64
-113
-5
-141
-7
-254
66
157
-44
-231
118
-271
183
35
140
-155
150
37
-194
-206
-299
-61
-146
91
-46
-254
119
-300
-278
-249
-195
-102
-45
-168
4
-198
-192
-90
189
-283
-110
-103
148
-168
-279
59
-14
-235
-266
-114
-14
-17
40
121
-72
-78
-74
193
-284
-296
-93
37
118
129
-197
78
-4
-45
149
-135
-87
12
85
-20
-201
117
5
-114
195
-68
70
-261
-13
-80
-151
-286
-294
-22
-233
-133
-152
-225
-43
-154
-192
-49
-216
-173
-138
-186
144
10
-87
-2
-99
161
53
-70
162
151
165
-31
-194
33
-114
-85
154
-166
-218
63
-243
86
-168
-224
181
-86
140
-188
25
-128
-62
-178
-266
-243
9
60
-233
-107
-178
-113
-209
-59
-216
198
-20
144
-110
-28
-80
74
-174
-272
180
-1
-195
-267
27
-220
-78
100
-288
85
71
31
-116
-194
18
-251
8
-1
-4
119
-204
-200
-71
124
-16
-194
144
193
125
165
-120
-134
-231
189
-71
59
-270
-105
-187
-232
-57
-60
-50
183
-75
19
-224
-295
-16
-164
-62
-250
-64
-72
161
-248
65
-50
-182
-224
-113
-160
113
123
-85
85
163
-219
130
-20
-268
-209
132
-201
-156
34
-172
-299
-250
111
138
-181
-59
-239
37
-188
-235
110
-114
-173
112
103
-292
-44
146
-116
94
40
-39
-207
-30
29
-93
-38
-300
-104
-69
-259
-18
44
-41
-205
59
-229
-112
111
-73
97
-15
-152
-196
185
78
7
-82
-223
-192
56
-287
74
-14
90
-196
-268
58
-258
162
193
-182
-20
-71
-175
-282
-256
-287
-102
-75
155
-250
44
-236
-242
-146
-267
146
-88
135
-96
116
-22
26
-227
155
16
10
139
97
-35
-12
-59
-123
-273
-31
-6
-186
195
126
-145
-113
-55
77
-191
107
-250
178
195
-173
180
10
-300
-11
143
-182
122
-17
36
-75
28
-238
-207
197
101
-50
-216
-15
-158
-114
-114
-266
-234
14
-298
163
-291
-13
-227
67
-244
-200
111
118
-111
152
155
-205
138
145
17
61
-119
197
104
163
114
-211
-54
68
24
-69
-239
40
140
-283
28
189
-215
170
-128
113
-59
127
-225
173
195
-190
-97
67
93
-82
-16
-104
-36
-220
-38
-112
-235
147
22
-44
-76
-255
-185
-171
-95
-253
-2
190
-264
-81
-103
-300
-56
43
128
-63
-271
-257
-38
78
-211
136
-236
49
-90
-257
96
-57
160
-75
-200
-248
119
-73
-189
-8
-53
42
-29
45
-295
110
-251
-83
-25
-145
51
30
-9
-195
-165
-139
193
-30
-177
-50
16
-156
114
-153
-192
-168
-285
-123
38
-159
198
-149
-146
-125
145
38
1
-71
-174
-3
-269
-262
33
-225
158
196
170
53
-240
187
-243
-55
-284
168
35
-14
-162
69
-265
-229
-105
191
160
-12
-137
98
45
126
98
28
-23
-166
-188
-187
156
-193
-140
-251
-155
114
62
-31
-200
32
-214
-299
-266
94
157
-19
-119
-222
-29
-192
-300
135
-248
160
35
-163
127
142
-190
-269
-10
-243
-9
169
175
-107
-117
-184
-242
-194
-67
-107
137
-80
-287
-132
-40
-210
173
-128
-15
-89
-3
-162
135
103
-263
149
-102
-41
-115
123
-9
-122
-138
-86
42
2
-115
-57
-269
-227
175
-264
61
-10
-242
167
-174
50
-128
81
160
-86
189
136
-5
171
147
-131
20
36
-297
-264
122
78
142
-97
183
121
9
-78
51
-38
-209
-187
-100
36
-246
-287
-193
168
110
-55
-88
-221
-79
-180
-219
115
188
-256
120
-241
74
31
-129
168
-253
-81
-280
-215
103
107
-277
112
20
159
176
138
-112
142
4
-122
98
-299
-291
-215
99
22
-219
-272
-105
196
178
66
-73
-120
142
59
12
87
-288
-216
-211
-192
-124
-229
-107
-209
127
-66
-274
-62
-55
114
-293
-52
-269
-174
-195
119
-118
-244
-144
-125
-59
-247
-271
30
-280
-55
-288
-256
129
-103
-36
61
-162
39
-218
57
-261
18
52
196
37
116
-260
-191
33
-164
-113
-195
107
160
-51
-185
-18
76
120
-156
-196
-38
103
-203
-228
-125
-120
-195
45
-218
167
26
-228
-181
-131